246
61.2180
-149.9002
64.837777799999
-147.7163
58.301944399999
-134.4197
33.520660800000
-86.802490000000
31.223231299999
-85.3904
34.605925300000
-86.983341699999
34.799810000000
-87.677250999999
30.421309000000
-87.216914900000
30.405755200000
-86.618842000000
32.366805200000
-86.299968899999
32.407358899999
-87.021100700000
36.332019600000
-94.118536599999
35.842296699999
-90.704
34.228431200000
-92.003195500000
-34.650878900000
-61.583858499999
33.448377100000
-112.0740
32.221742900000
-110.926
31.545500100000
-110.2772
32.792000000000
-115.56305140000
35.3732
-119.01871250000
40.586539600000
-122.3916
40.8020
-124.16367289999
36.330228400000
-119.2920
34.052234200000
-118.24368490000
36.677737200000
-121.6555
33.830296099999
-116.5452
37.639097200000
-120.9968
32.715329199999
-117.1572
37.339385700000
-121.89495549999
35.2827
-120.6596
32.792000000000
-115.56305140000
38.254447200000
-104.6091
39.739153600000
-104.9847
38.478319800000
-107.8761
41.763711100000
-72.685093199999
41.308152700000
-72.9281
38.895111800000
-77.036365799999
39.641762900000
-77.719993200000
26.142035799999
-81.794810299999
29.651634399999
-82.324826200000
30.332183799999
-81.655651000000
26.122308400000
-80.143378600000
30.421309000000
-87.216914900000
30.405755200000
-86.618842000000
28.083626899999
-80.608108900000
30.158812900000
-85.6602
30.836581500000
-83.978780799999
27.782253999999
-82.667619000000
27.336434700000
-82.530652700000
27.446705600000
-80.325605600000
31.578507399999
-84.155741000000
33.748995399999
-84.387982399999
33.469999999999
-81.974999999999
32.4609
-84.9877
32.840694599999
-83.632402200000
32.0835
-81.099834200000
30.836581500000
-83.978780799999
21.306944399999
-157.8583
41.677204000000
-91.5162
41.506700299999
-90.515134200000
42.023350000000
-93.625622000000
40.194753900000
-92.583249600000
40.402524999999
-91.394372000000
43.6666
-92.974636700000
42.499994200000
-96.400306900000
43.613739000000
-116.237
42.8713
-112.4455
42.562966799999
-114.46087110000
39.8403
-88.9548
39.8403
-88.9548
39.8403
-88.9548
41.850033000000
-87.650052299999
41.506700299999
-90.515134200000
38.317271400000
-88.903120099999
40.484202699999
-88.993687300000
40.402524999999
-91.394372000000
42.271131099999
-89.093995199999
37.974764399999
-87.5558
41.130604099999
-85.128859700000
39.768376500000
-86.158042300000
40.416702200000
-86.875286900000
41.681993499999
-85.9766
39.4667
-87.413909200000
37.410884000000
-94.70
39.048333599999
-95.678037099999
38.060844500000
-97.929774300000
36.990319900000
-86.443601799999
38.031713600000
-84.495135899999
38.254237600000
-85.759406999999
38.317271400000
-88.903120099999
31.311293599999
-92.445137099999
30.450746200000
-91.154550999999
30.2240
-92.019842699999
30.226594899999
-93.217375799999
-34.650878900000
-61.583858499999
29.964722200000
-90.070555600000
32.525151600000
-93.750178899999
42.995639699999
-71.454789099999
41.636215200000
-70.934205000000
42.204258600000
-72.616200899999
39.290384799999
-76.612189299999
38.360673599999
-75.599369199999
44.801182099999
-68.777813800000
44.097850899999
-70.231165500000
46.681153000000
-68.0158
45.061679400000
-83.432752800000
42.331426999999
-83.0457
43.594467700000
-83.888864699999
42.3211
-85.179714200000
42.732534999999
-84.555534699999
46.543544199999
-87.395416999999
44.251952600000
-85.401161900000
46.720773700000
-92.104079600000
44.163577500000
-93.999399600000
44.944
-93.086074999999
43.6666
-92.974636700000
38.576701700000
-92.173516399999
37.410884000000
-94.70
39.099726500000
-94.578566699999
40.194753900000
-92.583249600000
38.317271400000
-88.903120099999
40.402524999999
-91.394372000000
37.215325999999
-93.298243600000
39.7577
-94.836388900000
38.646
-90.224967000000
30.3674
-89.0928
33.607618600000
-88.6503
33.410116100000
-91.061773500000
31.694050900000
-89.130612400000
32.298757299999
-90.184810299999
32.364309800000
-88.703655999999
45.783285599999
-108.5006
45.683459999999
-111.050
47.108491000000
-104.710
47.500235400000
-111.3008
46.595804999999
-112.02703099999
46.872146000000
-113.99399819999
35.227086900000
-80.843126699999
36.099859600000
-80.244215999999
35.546551700000
-77.052174199999
34.503439399999
-82.650133199999
35.994032900000
-78.898618999999
35.052664100000
-78.878358500000
34.225725500000
-77.944710200000
46.923312899999
-98.003154699999
46.879175600000
-102.78962420000
48.146968299999
-103.6179
41.867139999999
-103.660
40.699
-99.083106999999
41.1238
-100.7654
41.254005999999
-95.999257999999
42.995639699999
-71.454789099999
35.686975199999
-105.937
36.114
-115.172
39.529632900000
-119.8138
42.728411700000
-73.691785100000
42.098686700000
-75.917973799999
42.886446800000
-78.878368899999
44.699487300000
-73.452912400000
42.089796499999
-76.807733799999
40.714269100000
-74.005972900000
43.154784499999
-77.615556699999
43.048122100000
-76.147424400000
43.100903000000
-75.232
43.974783799999
-75.910756500000
39.136111100000
-84.503055599999
41.081444699999
-81.519005300000
40.798947300000
-81.378446999999
39.961175500000
-82.998794200000
39.758947800000
-84.191606899999
40.742550999999
-84.105225599999
41.663938299999
-83.555211999999
40.369790500000
-80.633963800000
41.099780299999
-80.649519400000
39.940345299999
-82.013192399999
35.467560200000
-97.5164
34.774531000000
-96.678344899999
36.153981600000
-95.992774999999
33.695379099999
-98.308844100000
34.608685399999
-98.390330500000
44.058172800000
-121.31530960000
44.052069099999
-123.08675359999
42.224867000000
-121.7816
45.5234
-122.6762
42.129224100000
-80.085059000000
39.962598399999
-76.727744999999
40.5186
-78.394735900000
39.952334999999
-75.163788999999
40.440624800000
-79.995886400000
41.408968999999
-75.662412200000
41.636215200000
-70.934205000000
32.776565599999
-79.930921600000
34.000710400000
-81.034814400000
33.689060300000
-78.886694300000
34.503439399999
-82.650133199999
44.080543400000
-103.23101490000
43.549974900000
-96.700327000000
43.709428299999
-98.029799199999
35.045629699999
-85.309680099999
35.614516899999
-88.813946900000
35.960638400000
-83.9207
35.149534299999
-90.048980099999
36.165889900000
-86.784443199999
36.472723000000
-82.410686200000
32.470951900000
-100.4059
35.221997100000
-101.8312
30.267
-97.743060799999
29.884950400000
-93.939947000000
27.800582800000
-97.396381000000
32.725408999999
-97.320849600000
31.758719800000
-106.4869
26.2034
-98.230012400000
29.762884400000
-95.383061499999
27.506406999999
-99.507542099999
33.577863100000
-101.8551
31.997345599999
-102.0779
31.463772299999
-100.4370
29.424121899999
-98.493628200000
34.774531000000
-96.678344899999
32.500703700000
-94.740489100000
31.338240599999
-94.729096999999
31.603512899999
-94.655487399999
28.805267400000
-97.003598199999
30.674364300000
-96.369963200000
40.760779300000
-111.89104740000
38.029305899999
-78.476678100000
38.449568800000
-78.8689
36.978758800000
-76.428003000000
37.227927899999
-77.401926700000
37.4137
-79.142246400000
44.699487300000
-73.452912400000
47.252876800000
-122.4442
47.658780200000
-117.42604660000
46.2112
-119.1372
46.720773700000
-92.104079600000
44.261930900000
-88.415384700000
44.811
-91.498494100000
43.073051700000
-89.401230200000
43.038902499999
-87.906473599999
45.636622799999
-89.412075299999
37.972333900000
-81.148713499999
38.419249600000
-82.445154000000
39.038427400000
-80.467313000000
39.266741799999
-81.561513500000
40.369790500000
-80.633963800000
43.024959199999
-108.3801
